1399712400 1856205
1399716001 1933828
1399719601 2015464
1399723201 2092497
1399726801 2164615
1399730401 2270004
1399734001 2341462
1399737601 2409913
1399741201 2474671
1399744801 2522017
1399748401 2598168
1399752001 2634059
1399755601 2664469
1399759201 2689005
1399762801 2710971
1399766401 2749460
1399770001 2772216
1399773601 2796353
1399777201 2830980
1399780801 2864041
1399784401 2899710
1399788001 2931879
1399791601 2969297
1399795201 2999189
1399798801 3034064
1399802401 3070546
1399806001 3103423
1399809601 3144701
1399813201 3178892
1399816801 3221032
1399820401 3260090
1399824001 3294690
1399827601 3321705
1399831201 3347849
1399834801 3369811
1399838401 3386406
1399842001 3402400
1399845601 3414627
1399849201 3423787
1399852801 3433069
1399856401 3444297
1399860001 3456337
1399863601 3470379
1399867201 3485626
1399870801 3504298
1399874401 3520657
1399878001 3538239
1399881601 3557171
1399885201 3577714
1399888801 3599296
1399892401 3628764
1399896001 3662369
1399899601 3694489
1399903201 3726361
1399906801 3760800
1399910401 3786965
1399914001 3812450
1399917601 3835800
1399921201 3853684
1399924801 3867859
1399928401 3878135
1399932001 3888711
1399935601 3897213
1399939201 3906056
1399942801 3914609
1399946401 4017929
1399950001 4030696
1399953601 4044853
1399957201 4060995
1399960801 4076863
1399964401 4090646
1399968001 4105175
1399971601 4119496
1399975201 4138025
1399978801 4160429
1399982401 4186269
1399986001 4210368
1399989601 4234555
1399993201 4258338
1399996801 4283198
1400000401 4303015
1400004001 4320130
1400007601 4333162
1400011201 4344302
1400014801 4353798
1400018401 4361567
1400022001 4368345
1400025601 4374216
1400029201 4407760
1400032801 4417512
1400036401 4430759
1400040001 4442902
1400043601 4456284
1400047201 4470212
1400050801 4482923
1400054401 4497634
1400058001 4511742
1400061601 4529301
1400065201 4556914
1400068801 4579623
1400072401 4603633
1400076001 4624898
1400079601 4648202
1400083201 4666749
1400086801 4686664
1400090401 4706211
1400094001 4722690
1400097601 4734534
1400101201 4744927
1400104801 4753414
1400108401 4761238
1400112001 4769393
1400115601 4775232
1400119201 4782951
1400122801 4791337
1400126401 4800050
1400130001 4807256
1400133601 4817439
1400137201 4827991
1400140801 4837954
1400144401 4849637
1400148001 4862486
1400151601 4877337
1400155201 4893132
1400158801 4912001
1400162401 4929674
1400166001 4946433
1400169601 4961896
1400173201 4979079
1400176801 4995340
1400180401 5006436
1400184001 5017585
1400187601 5025333
1400191201 5033516
1400194801 5039601
1400198401 5046361
1400202001 5051908
1400205601 5058681
1400209201 5065196
1400212801 5072312
1400216401 5080733
1400220001 5089380
1400223601 5097027
1400227201 5105962
1400230801 5116057
1400234401 5128004
1400238001 5141854
1400241601 5157974
1400245201 5174280
1400248801 5191461
1400252401 5208445
1400256001 5225129
1400259601 5238565
1400263201 5258019
1400266801 5270225
1400270401 5279040
1400274001 5287904
1400277601 5294940
1400281201 5298913
1400284801 5307825
1400288401 5315843
1400292001 5323092
1400295601 5331676
1400299201 5340089
1400302801 5350650
1400306401 5361648
1400310001 5372786
1400313601 5384938
1400317201 5397559
1400320801 5409802
1400324401 5424814
1400328001 5440247
1400331601 5455547
1400335201 5469829
1400338801 5485470
1400342401 5498543
1400346001 5512542
1400349601 5524252
1400353201 5534563
1400356801 5544808
1400360401 5551628
1400364001 5557863
1400367601 5563062
1400371201 5568379
1400374801 5573175
1400378401 5578741
1400382001 5584839
1400385601 5591382
1400389201 5597991
1400392801 5606415
1400396401 5614848
1400400001 5623953
1400403601 5633687
1400407201 5642859
1400410801 5654570
1400414401 5665790
1400418001 5676945
1400421601 5686796
1400425201 5698099
1400428801 5708781
1400432401 5718955
1400436001 5728349
1400439601 5736629
1400443201 5743017
1400446801 5749420
1400450401 5758702
1400454001 5763327
1400457601 5766540
1400461201 5769958
1400464801 5773354
1400468401 5777435
1400472001 5782030
1400475601 5787277
1400479201 5792314
1400482801 5797402
1400486401 5803313
1400490001 5810126
1400493601 5818221
1400497201 5827518
1400500801 5838210
1400504401 5849842
1400508001 5860665
1400511601 5871110
1400515201 5879787
1400518801 5888916
1400522401 5897037
1400526001 5904310
1400529601 5910688
1400533201 5916118
1400536801 5921403
1400540401 5925382
1400544001 5927124
1400547601 5930596
1400551201 5934457
1400554801 5938518
1400558401 5942799
1400562001 5947322
1400565601 5952572
1400569201 5957784
1400572801 5963882
1400576401 5970006
1400580001 5976725
1400583601 5985642
1400587201 5996259
1400590801 6007390
1400594401 6017976
1400598001 6028372
1400601601 6039547
1400605201 6048081
1400608801 6056651
1400612401 6063367
1400616001 6068095
1400619601 6073563
1400623201 6077879
1400626801 6081029
1400630401 6084266
1400634001 6089206
1400637601 6094041
1400641201 6099042
1400644801 6104420
1400648401 6110629
1400652001 6116557
1400655601 6122598
1400659201 6128489
1400662801 6135614
1400666401 6142139
1400670001 6151036
1400673601 6161072
1400677201 6171494
1400680801 6181531
1400684401 6191781
1400688001 6200870
1400691601 6209352
1400695201 6217142
1400698801 6223963
1400702401 6229347
1400706001 6234474
1400709601 6238713
1400713201 6241966
1400716801 6244133
1400720401 6247219
1400724001 6250858
1400727601 6254168
1400731201 6258026
1400734801 6261776
1400738401 6266503
1400742001 6271269
1400745601 6276268
1400749201 6282027
1400752801 6288011
1400756401 6295094
1400760001 6302946
1400763601 6310983
1400767201 6318473
1400770801 6326274
1400774401 6333823
1400778001 6340732
1400781601 6346790
1400785201 6351933
1400788801 6356250
1400792401 6359991
1400796001 6362868
1400799601 6365569
1400803201 6368002
1400806801 6370015
1400810401 6372957
1400814001 6376303
1400817601 6379859
1400821201 6383520
1400824801 6387689
1400828401 6391815
1400832001 6396435
1400835601 6402060
1400839201 6408635
1400842801 6416196
1400846401 6424122
1400850001 6432556
1400853601 6441256
1400857201 6449311
1400860801 6456665
1400864401 6464175
1400868001 6471285
1400871601 6477553
1400875201 6482926
1400878801 6487668
1400882401 6492028
1400886001 6495210
1400889601 6498657
1400893201 6502325
1400896801 6505970
1400900401 6510919
1400904001 6516033
1400907601 6521251
1400911201 6526977
1400914801 6532896
1400918401 6539016
1400922001 6545617
1400925601 6553192
1400929201 6561043
1400932801 6567976
1400936401 6575776
1400940001 6583075
1400943601 6590629
1400947201 6598129
1400950801 6604793
1400954401 6610727
1400958001 6616185
1400961601 6621234
1400965201 6624511
1400968801 6627618
1400972401 6629946
1400976001 6632395
1400979601 6634885
1400983201 6637538
1400986801 6640616
1400990401 6644337
1400994001 6648451
1400997601 6653266
1401001201 6657252
1401004801 6661778
1401008401 6667152
1401012001 6672821
1401015601 6677388
1401019201 6683071
1401022801 6689672
1401026401 6695584
1401030001 6701344
1401033601 6706848
1401037201 6712680
1401040801 6717252
1401044401 6721603
1401048001 6725254
1401051601 6728514
1401055201 6731164
1401058801 6733513
1401062401 6735443
1401066001 6737266
1401069601 6739423
1401073201 6741705
1401076801 6744626
1401080401 6747844
1401084001 6751594
1401087601 6755228
1401091201 6759024
1401094801 6763307
1401098401 6768554
1401102001 6773820
1401105601 6779310
1401109201 6785110
1401112801 6790852
1401116401 6797991
1401120001 6803663
1401123601 6808574
1401127201 6813859
1401130801 6818295
1401134401 6824237
1401138001 6827388
1401141601 6830090
1401145201 6832163
1401148801 6834191
1401152401 6836140
1401156001 6838338
1401159601 6840948
1401163201 6843403
1401166801 6845817
1401170401 6848860
1401174001 6852125
1401177601 6855895
1401181201 6859609
1401184801 6863624
1401188401 6868496
1401192001 6873512
1401195601 6878606
1401199201 6883498
1401202801 6888927
1401206401 6894280
1401210001 6898841
1401213601 6903325
1401217201 6906692
1401220801 6910086
1401224401 6913296
1401228001 6916803
1401231601 6919093
1401235201 6917607
1401238801 6919430
1401242401 6921256
1401246001 6923529
1401249601 6925324
1401253201 6927904
1401256801 6930709
1401260401 6933586
1401264001 6936528
1401267601 6939630
1401271201 6943214
1401274801 6947473
1401278401 6952268
1401282001 6956973
1401285601 6961365
1401289201 6966413
1401292801 6971069
1401296401 6975541
1401300001 6979788
1401303601 6983247
1401307201 6987703
1401310801 6990741
1401314401 6994332
1401318001 6996448
1401321601 6997969
1401325201 6999891
1401328801 7001711
1401332401 7003729
1401336001 7005978
1401339601 7008581
1401343201 7011401
1401346801 7014036
1401350401 7016690
1401354001 7019787
1401357601 7023805
1401361201 7027539
1401364801 7032094
1401368401 7036622
1401372001 7040298
1401375601 7045391
1401379201 7050429
1401382801 7054946
1401386401 7059056
1401390001 7062536
1401393601 7066109
1401397201 7069793
1401400801 7072587
1401404401 7074397
1401408001 7076067
1401411601 7077742
1401415201 7079573
1401418801 7081480
1401422401 7083787
1401426001 7086375
1401429601 7089017
1401433201 7091907
1401436801 7094562
1401440401 7098336
1401444001 7102166
1401447601 7106411
1401451201 7110467
1401454801 7115211
1401458401 7120249
1401462001 7124968
1401465601 7129845
1401469201 7134744
1401472801 7138331
1401476401 7142178
1401480001 7145304
1401483601 7147748
1401487201 7150273
1401490801 7152149
1401494401 7154414
1401498001 7156087
1401501601 7192984
1401505201 7255166
1401508801 7296401
1401512401 7344689
1401516001 7387216
1401519601 7422982
1401523201 7457039
1401526801 7488877
1401530401 7522396
1401534001 7556935
1401537601 7588348
1401541201 7623285
1401544801 7656168
1401548401 7686437
1401552001 7715221
1401555601 7737903
1401559201 7761053
1401562801 7781088
1401566401 7797508
1401570001 7811483
1401573601 7822610
1401577201 7832390
1401580801 7841507
1401584401 7849390
1401588001 7858581
1401591601 7868676
1401595201 7879368
1401598801 7891338
1401602401 7904417
1401606001 7916867
1401609601 7930097
1401613201 7941768
1401616801 7956332
1401620401 7970999
1401624001 7986729
1401627601 8002891
1401631201 8017260
1401634801 8032734
1401638401 8047563
1401642001 8061454
1401645601 8073931
1401649201 8085862
1401652801 8095892
1401656401 8103627
1401660001 8110045
1401663601 8115226
1401667201 8120215
1401670801 8125134
1401674401 8129727
1401678001 8135893
1401681601 8143136
1401685201 8150725
1401688801 8158807
1401692401 8168057
1401696001 8176538
1401699601 8186680
1401703201 8195887
1401706801 8205555
1401710401 8215816
1401714001 8227197
1401717601 8239563
1401721201 8250242
1401724801 8262628
1401728401 8273942
1401732001 8283251
1401735601 8291882
1401739201 8299829
1401742801 8307099
1401746401 8312470
1401750001 8316835
1401753601 8318942
1401757201 8323718
1401760801 8327999
1401764401 8333327
1401768001 8338340
1401771601 8344745
1401775201 8351806
1401778801 8358402
1401782401 8366775
1401786001 8375132
1401789601 8382659
1401793201 8392570
1401796801 8402393
1401800401 8413127
1401804001 8422865
1401807601 8433606
1401811201 8443983
1401814801 8453135
1401818401 8460679
1401822001 8467872
1401825601 8473957
1401829201 8479846
1401832801 8482532
1401836401 8486244
1401840001 8489405
1401843601 8492543
1401847201 8495767
1401850801 8499646
1401854401 8503554
1401858001 8508057
1401861601 8513071
1401865201 8518191
1401868801 8523343
1401872401 8529468
1401876001 8535786
1401879601 8542342
1401883201 8550091
1401886801 8558298
1401890401 8566382
1401894001 8574095
1401897601 8581056
1401901201 8587784
1401904801 8594190
1401908401 8600175
1401912001 8605441
1401915601 8610270
1401919201 8614106
1401922801 8618075
1401926401 8617452
1401930001 8619712
1401933601 8622187
1401937201 8625355
1401940801 8628755
1401944401 8632962
1401948001 8637187
1401951601 8641427
1401955201 8646914
1401958801 8652229
1401962401 8657808
1401966001 8664327
1401969601 8671901
1401973201 8678370
1401976801 8685707
1401980401 8693196
1401984001 8699790
1401987601 8705495
1401991201 8711080
1401994801 8716393
1401998401 8721296
1402002001 8726169
1402005601 8729995
1402009201 8732758
1402012801 8735349
1402016401 8738079
1402020001 8740652
1402023601 8743617
1402027201 8746705
1402030801 8750596
1402034401 8754504
1402038001 8758929
1402041601 8763077
1402045201 8767943
1402048801 8773106
1402052401 8778770
1402056001 8785396
1402059601 8791520
1402063201 8797815
1402066801 8804405
1402070401 8811039
1402074001 8817127
1402077601 8822336
1402081201 8826984
1402084801 8830018
1402088401 8827035
1402092001 8831786
1402095601 8835289
1402099201 8838290
1402102801 8841621
1402106401 8844947
1402110001 8848570
1402113601 8851977
1402117201 8856690
1402120801 8861624
1402124401 8866858
1402128001 8872105
1402131601 8877474
1402135201 8883324
1402138801 8889199
1402142401 8895877
1402146001 8902081
1402149601 8908987
1402153201 8914514
1402156801 8920962
1402160401 8926119
1402164001 8931744
1402167601 8935859
1402171201 8939917
1402174801 8943338
1402178401 8946112
1402182001 8948641
1402185601 8950791
1402189201 8952901
1402192801 8955400
1402196401 8958177
1402200001 8960960
1402203601 8964560
1402207201 8967749
1402210801 8972218
1402214401 8976336
1402218001 8980463
1402221601 8985344
1402225201 8990747
1402228801 8996592
1402232401 9003121
1402236001 9008417
1402239601 9014078
1402243201 9019693
1402246801 9024290
1402250401 9028647
1402254001 9032877
1402257601 9036675
1402261201 9040068
1402264801 9043340
1402268401 9045498
1402272001 9047633
1402275601 9050038
1402279201 9052143
1402282801 9054365
1402286401 9057236
1402290001 9060281
1402293601 9063878
1402297201 9067363
1402300801 9070626
1402304401 9075009
1402308001 9079405
1402311601 9084055
1402315201 9089537
1402318801 9094542
1402322401 9099846
1402326001 9105053
1402329601 9109676
1402333201 9114154
1402336801 9117977
1402340401 9121619
1402344001 9125335
1402347601 9128518
1402351201 9128829
1402354801 9130599
1402358401 9132401
1402362001 9134232
1402365601 9136189
1402369201 9138407
1402372801 9140544
1402376401 9143659
1402380001 9147521
1402383601 9150794
1402387201 9153933
1402390801 9157666
1402394401 9161343
1402398001 9165767
1402401601 9170643
1402405201 9175872
1402408801 9180183
1402412401 9185362
1402416001 9190474
1402419601 9195183
1402423201 9199452
1402426801 9203300
1402430401 9206546
1402434001 9209086
1402437601 9211402
1402441201 9211402
1402444801 9212065
1402448401 9212384
1402452001 9214416
1402455601 9216927
1402459201 9219223
1402462801 9222411
1402466401 9226134
1402470001 9229535
1402473601 9232697
1402477201 9236168
1402480801 9239916
1402484401 9244111
1402488001 9249494
1402491601 9254793
1402495201 9259783
1402498801 9264509
1402502401 9268814
1402506002 9272692
1402509601 9276104
1402513201 9279637
1402516801 9282909
1402520401 9285700
1402524001 9287770
1402527601 9289352
1402531201 9291029
1402534801 9287218
1402538401 9289317
1402542001 9291204
1402545601 9293231
1402549201 9295419
1402552801 9298115
1402556401 9300900
1402560001 9303782
1402563601 9307124
1402567201 9310518
1402570801 9314302
1402574401 9318599
1402578001 9322778
1402581601 9326491
1402585201 9330765
1402588801 9334614
1402592401 9338196
1402596001 9341253
1402599601 9344299
1402603201 9346750
1402606801 9348660
1402610401 9346132
1402614001 9347669
1402617601 9349074
1402621201 9350699
1402624801 9352148
1402628401 9353819
1402632001 9355473
1402635601 9357214
1402639201 9359320
1402642801 9361810
1402646401 9364389
1402650001 9367555
1402653601 9370483
1402657201 9374450
1402660801 9378055
1402664401 9382134
1402668001 9386207
1402671601 9390278
1402675201 9393927
1402678801 9397236
1402682401 9400353
1402686001 9403378
1402689601 9405938
1402693201 9407900
1402696801 9409160
1402700401 9411112
1402704001 9412963
1402707601 9414813
1402711201 9417121
1402714801 9419422
1402718401 9421749
1402722001 9424825
1402725601 9427716
1402729201 9430926
1402732801 9433752
1402736401 9437255
1402740001 9440748
1402743601 9444225
1402747201 9448401
1402750801 9452300
1402754401 9456467
1402758001 9460154
1402761601 9464085
1402765201 9467646
1402768801 9470614
1402772401 9473496
1402776001 9476055
1402779601 9478432
1402783201 9480273
1402786801 9481669
1402790401 9483083
1402794002 9484564
1402797601 9486166
1402801201 9488049
1402804801 9490106
1402808401 9492135
1402812001 9494449
1402815601 9496986
1402819201 9499778
1402822801 9502338
1402826401 9505267
1402830001 9508663
1402833601 9512032
1402837201 9515455
1402840801 9518916
1402844401 9522412
1402848001 9525693
1402851601 9528793
1402855201 9531457
1402858801 9534170
1402862401 9536530
1402866001 9538425
1402869601 9540047
1402873201 9541280
1402876801 9542640
1402880401 9543710
1402884001 9544812
1402887601 9546257
1402891201 9547563
1402894801 9549468
1402898401 9551868
1402902001 9554198
1402905601 9556575
1402909201 9558741
1402912801 9561124
1402916401 9564225
1402920001 9567276
1402923601 9570476
1402927201 9573815
1402930801 9577080
1402934401 9579729
1402938001 9582628
1402941601 9585260
1402945201 9587883
1402948801 9589945
1402952401 9591813
1402956001 9593455
1402959601 9594836
1402963201 9596031
1402966801 9555579
1402970401 9557064
1402974001 9558380
1402977601 9559917
1402981201 9561746
1402984801 9563728
1402988401 9565618
1402992001 9567412
1402995601 9569685
1402999201 9572138
1403002801 9574782
1403006401 9578386
1403010001 9581932
1403013602 9585192
1403017201 9588686
1403020801 9592081
1403024401 9595215
1403028001 9597784
1403031601 9600231
1403035201 9602298
1403038801 9604107
1403042401 9605681
1403046001 9606953
1403049601 9604022
1403053201 9605104
1403056801 9606326
1403060401 9607609
1403064001 9609160
1403067601 9610850
1403071201 9612207
1403074801 9614214
1403078401 9616485
1403082001 9618509
1403085601 9620786
1403089201 9623553
1403092801 9626138
1403096401 9628919
1403100001 9631689
1403103601 9634966
1403107201 9637699
1403110801 9640247
1403114401 9642606
1403118001 9644991
1403121601 9646755
1403125201 9648290
1403128801 9649606
1403132401 9650911
1403136001 9652013
1403139601 9651025
1403143201 9651750
1403146801 9653723
1403150401 9655580
1403154001 9657099
1403157601 9659016
1403161201 9661305
1403164801 9663423
1403168401 9665226
1403172001 9667241
1403175601 9669641
1403179201 9672144
1403182801 9674792
1403186401 9677831
1403190001 9680333
1403193601 9683110
1403197201 9685645
1403200801 9687872
1403204402 9689625
1403208001 9691575
1403211601 9693289
1403215201 9694715
1403218801 9695222
1403222401 9696318
1403226001 9697336
1403229601 9698524
1403233201 9700009
1403236801 9701451
1403240401 9702870
1403244001 9704946
1403247601 9706657
1403251201 9708713
1403254801 9710961
1403258401 9713445
1403262001 9716114
1403265601 9718925
1403269201 9721654
1403272801 9724883
1403276401 9728116
1403280001 9731368
1403283601 9733929
1403287201 9736770
1403290801 9738893
1403294401 9741377
1403298001 9742978
1403301601 9744447
1403305201 9745773
1403308801 9745143
1403312401 9746517
1403316001 9748103
1403319601 9749878
1403323201 9751613
1403326801 9753617
1403330401 9755968
1403334001 9758249
1403337601 9760500
1403341201 9763013
1403344801 9765691
1403348401 9768713
1403352001 9771672
1403355601 9774677
1403359201 9777804
1403362801 9780771
1403366401 9783479
1403370001 9786030
1403373601 9788073
1403377201 9790464
1403380801 9792290
1403384401 9794003
1403388001 9795518
1403391601 9796837
1403395201 9798053
1403398801 9799282
1403402401 9800612
1403406001 9802062
1403409601 9803826
1403413201 9805509
1403416801 9807404
1403420401 9809490
1403424001 9811580
1403427601 9813555
1403431201 9815655
1403434801 9818071
1403438401 9820289
1403442001 9822665
1403445601 9825145
1403449201 9827928
1403452801 9830034
1403456401 9832240
1403460001 9834141
1403463601 9836035
1403467202 9837879
1403470801 9839318
1403474401 9840615
1403478001 9841744
1403481601 9842598
1403485201 9843528
1403488801 9844480
1403492401 9845557
1403496001 9846554
1403499601 9847817
1403503201 9849432
1403506801 9851233
1403510401 9852929
1403514001 9854751
1403517601 9856508
1403521201 9858372
1403524801 9860707
1403528401 9863331
1403532001 9866176
1403535601 9868447
1403539201 9870869
1403542801 9873018
1403546401 9874583
1403550001 9876368
1403553601 9877985
1403557201 9879092
1403560801 9880319
1403564401 9881248
1403568001 9882091
1403571601 9881332
1403575201 9882437
1403578801 9883832
1403582401 9885223
1403586001 9886639
1403589601 9888006
1403593201 9889563
1403596801 9891069
1403600401 9892552
1403604001 9894146
1403607601 9896152
1403611201 9898233
1403614801 9900508
1403618401 9902724
1403622001 9904700
1403625601 9906848
1403629201 9908730
1403632801 9910477
1403636401 9912180
1403640001 9913540
1403643601 9914906
1403647201 9916110
1403650801 9917150
1403654401 9918015
1403658001 9918830
1403661601 9919790
1403665201 9920818
1403668801 9922147
1403672401 9922147
1403676001 9924655
1403679601 9925773
1403683201 9927064
1403686801 9928601
1403690401 9930224
1403694001 9931877
1403697601 9933724
1403701201 9935803
1403704801 9938104
1403708401 9940287
1403712001 9942203
1403715601 9944158
1403719201 9945822
1403722802 9947783
1403726401 9949209
1403730001 9950511
1403733601 9949841
1403737201 9950928
1403740801 9951898
1403744401 9952684
1403748001 9953584
1403751601 9954496
1403755201 9955544
1403758801 9956757
1403762401 9958078
1403766001 9959138
1403769601 9960137
1403773201 9961482
1403776801 9962879
1403780401 9964583
1403784001 9966435
1403787601 9967960
1403791201 9969850
1403794801 9971889
1403798401 9974282
1403802001 9976150
1403805601 9977429
1403809201 9979125
1403812801 9980738
1403816401 9981785
1403820001 9982910
1403823601 9983727
1403827201 9984454
1403830801 9985336
1403834401 9986282
1403838001 9987247
1403841601 9988249
1403845201 9989614
1403848801 9990919
1403852401 9992261
1403856001 9993548
1403859601 9995156
1403863201 9996960
1403866802 9998660
1403870401 10001269
1403874001 10003647
1403877601 10005576
1403881201 10007936
1403884801 10010302
1403888402 10012417
1403892001 10014846
1403895601 10016460
1403899201 10018000
1403902801 10019420
1403906401 10019355
1403910001 10020258
1403913601 10021264
1403917201 10022353
1403920801 10023556
1403924401 10024739
1403928001 10026099
1403931601 10027581
1403935201 10029087
1403938801 10030597
1403942401 10032277
1403946001 10033957
1403949601 10036006
1403953201 10038418
1403956801 10040565
1403960401 10043049
1403964001 10045615
1403967601 10047771
1403971201 10050072
1403974801 10051858
1403978401 10053334
1403982001 10054877
1403985601 10056345
1403989201 10057965
1403992801 10059352
1403996401 10060512
1404000001 10061425
1404003601 10062358
1404007201 10063324
1404010801 10064544
1404014401 10065818
1404018001 10067048
1404021601 10068568
1404025201 10070087
1404028801 10071628
1404032401 10073352
1404036001 10075017
1404039601 10076822
1404043201 10079262
1404046801 10081189
1404050401 10082920
1404054001 10085041
1404057601 10087048
1404061201 10088674
1404064801 10090379
1404068401 10091870
1404072001 10093266
1404075601 10094321
1404079201 10095324
1404082801 10096147
1404086401 10096888
1404090001 10097737
1404093601 10098680
1404097201 10099592
1404100801 10100657
1404104401 10101991
1404108001 10103142
1404111601 10104478
1404115201 10105949
1404118801 10107441
1404122401 10105755
1404126001 10107272
1404129601 10109473
1404133201 10111193
1404136802 10113218
1404140401 10115288
1404144002 10117031
1404147601 10118707
1404151201 10120271
1404154801 10121657
1404158401 10122922
1404162001 10123946
1404165601 10124809
1404169201 10125523
1404172801 10125251
1404176401 10128048
1404180001 10132626
1404183601 10135748
1404187201 10139218
1404190801 10142401
1404194401 10145287
1404198001 10148251
1404201601 10151354
1404205201 10154584
1404208801 10158156
1404212401 10162155
1404216001 10166749
1404219601 10171795
1404223201 10176519
1404226801 10181511
1404230401 10185678
1404234001 10189508
1404237601 10192997
1404241201 10196062
1404244801 10199031
1404248401 10201394
1404252001 10203031
1404255601 10204789
1404259201 10203743
1404262801 10205175
1404266401 10206881
1404270001 10208774
1404273601 10210659
1404277201 10212623
1404280801 10214576
1404284401 10216609
1404288001 10218385
1404291601 10220796
1404295201 10223073
1404298801 10225484
1404302401 10228831
1404306001 10231739
1404309601 10234383
1404313201 10237625
1404316801 10240326
1404320401 10242907
1404324001 10245248
1404327601 10247382
1404331201 10249252
1404334801 10250867
1404338401 10252340
1404342001 10252842
1404345601 10254061
1404349201 10255255
1404352801 10256470
1404356401 10257886
1404360001 10259318
1404363601 10261085
1404367201 10262590
1404370801 10264184
1404374401 10265727
1404378001 10267456
1404381601 10269567
1404385201 10271540
1404388801 10273781
1404392401 10276241
1404396001 10278906
1404399601 10281689
1404403201 10284262
1404406801 10286050
1404410401 10288273
1404414001 10290327
1404417601 10291814
1404421201 10293226
1404424801 10294406
1404428401 10295278
1404432001 10296307
1404435601 10297589
1404439201 10300007
1404442801 10302286
1404446401 10304726
1404450001 10306791
1404453601 10309500
1404457201 10312155
1404460801 10314549
1404464401 10317370
1404468001 10320451
1404471601 10323485
1404475201 10327094
1404478801 10330855
1404482401 10334367
1404486001 10337990
1404489601 10341715
1404493201 10344750
1404496801 10347665
1404500401 10350306
1404504001 10352468
1404507601 10354201
1404511201 10355562
1404514801 10356677
1404518401 10357986
1404522001 10359353
1404525601 10360915
1404529201 10362562
1404532801 10364459
1404536401 10366660
1404540001 10368730
1404543601 10371067
1404547201 10373426
1404550801 10375746
1404554401 10378154
1404558001 10380824
1404561601 10383033
1404565201 10385716
1404568801 10388320
1404572401 10390644
1404576001 10393160
1404579601 10395568
1404583201 10397651
1404586801 10399589
1404590401 10401371
1404594001 10402781
1404597601 10404121
1404601201 10405247
1404604801 10406138
1404608401 10407389
1404612001 10408646
1404615601 10410231
1404619201 10411707
1404622801 10413340
1404626401 10415470
1404630001 10417281
1404633601 10418978
1404637201 10420929
1404640801 10422860
1404644401 10424827
1404648001 10426739
1404651601 10428666
1404655201 10430992
1404658801 10433268
1404662401 10435380
1404666001 10437626
1404669601 10439677
1404673201 10441577
1404676801 10443163
1404680401 10444548
1404684001 10445715
1404687601 10446729
1404691201 10447667
1404694801 10448576
1404698401 10449620
1404702001 10450702
1404705601 10451948
1404709201 10451948
1404712801 10454980
1404716401 10456392
1404720001 10457841
1404723601 10459516
1404727201 10461057
1404730801 10463053
1404734401 10465282
1404738001 10467614
1404741601 10469737
1404745201 10472046
1404748801 10474394
1404752401 10475348
1404756001 10477250
1404759601 10478953
1404763201 10480517
1404766801 10481869
1404770401 10483038
1404774001 10484052
1404777601 10484960
1404781201 10485493
1404784801 10486576
1404788401 10487935
1404792001 10489349
1404795601 10490894
1404799201 10492489
1404802801 10494051
1404806401 10495623
1404810001 10497171
1404813601 10498874
1404817201 10500802
1404820801 10503036
1404824401 10505515
1404828001 10507694
1404831601 10509812
1404835201 10512909
1404838801 10515754
1404842401 10518598
1404846001 10521094
1404849601 10523098
1404853201 10524514
1404856801 10525633
1404860401 10526822
1404864001 10528109
1404867601 10529282
1404871201 10530782
1404874801 10532100
1404878401 10533434
1404882001 10535034
1404885601 10536536
1404889201 10538266
1404892801 10539788
1404896401 10541349
1404900001 10543060
1404903601 10544943
1404907201 10546953
1404910801 10549395
1404914401 10551789
1404918001 10554038
1404921601 10556572
1404925201 10559316
1404928801 10561034
1404932401 10562781
1404936001 10564397
1404939601 10565736
1404943202 10566936
1404946801 10568058
1404950401 10569064
1404954001 10570329
1404957601 10571343
1404961201 10572507
1404964801 10573923
1404968401 10575320
1404972001 10576754
1404975601 10578059
1404979201 10579703
1404982801 10581413
1404986401 10582923
1404990001 10584504
1404993601 10586463
1404997201 10588538
1405000801 10590705
1405004401 10593192
1405008001 10595199
1405011601 10597403
1405015201 10599406
1405018801 10600837
1405022401 10602417
1405026001 10603819
1405029601 10605152
1405033201 10606146
1405036801 10607207
1405040401 10608121
1405044001 10609232
1405047601 10610587
1405051201 10611780
1405054801 10613097
1405058401 10614829
1405062001 10616571
1405065601 10618133
1405069201 10620052
1405072801 10621550
1405076401 10623673
1405080001 10626077
1405083601 10627940
1405087201 10630475
1405090801 10632978
1405094401 10635118
1405098001 10637341
1405101601 10639361
1405105201 10641213
1405108801 10642818
1405112401 10644233
1405116002 10645667
1405119601 10646892
1405123201 10647933
1405126801 10649357
1405130401 10650490
1405134001 10651742
1405137601 10652931
1405141201 10654345
1405144801 10656285
1405148401 10657761
1405152001 10659514
1405155601 10661357
1405159201 10663090
1405162802 10664854
1405166401 10666621
1405170001 10668699
1405173601 10670874
1405177201 10673058
1405180801 10675090
1405184401 10677137
1405188001 10678910
1405191601 10680686
1405195201 10682313
1405198801 10683932
1405202401 10684898
1405206001 10686154
1405209601 10687399
1405213201 10688631
1405216801 10689531
1405220401 10690879
1405224001 10692083
1405227601 10693524
1405231201 10694703
1405234801 10696320
1405238401 10697714
1405242001 10699415
1405245601 10701159
1405249201 10703096
1405252801 10704866
1405256401 10706690
1405260001 10708668
1405263601 10710560
1405267201 10712216
1405270801 10713852
1405274401 10715739
1405278001 10717295
1405281601 10718637
1405285201 10719671
1405288801 10720525
1405292401 10721472
1405296001 10722433
1405299602 10723278
1405303201 10722464
1405306801 10723281
1405310401 10724247
1405314001 10725205
1405317601 10726236
1405321201 10727274
1405324801 10728404
1405328402 10729577
1405332001 10730939
1405335601 10732298
1405339201 10733820
1405342801 10735407
1405346401 10737085
1405350001 10738832
1405353601 10740546
1405357201 10742198
1405360801 10743798
1405364401 10745037
1405368002 10746540
1405371601 10747718
1405375202 10748882
1405378801 10749898
1405382401 10750712
1405386001 10751600
1405389601 10752536
1405393202 10753483
1405396801 10754689
1405400401 10755760
1405404001 10756844
1405407601 10758069
1405411201 10759446
1405414801 10760907
1405418401 10761854
1405422001 10763393
1405425601 10765205
1405429201 10766915
1405432801 10768786
1405436401 10770723
1405440001 10772434
1405443601 10774127
1405447201 10775691
1405450801 10777072
1405454401 10778274
1405458001 10779273
1405461601 10780234
1405465201 10780986
1405468801 10781768
1405472401 10782466
1405476001 10783246
1405479601 10784136
1405483201 10785038
1405486801 10785038
1405490401 10787102
1405494001 10788058
1405497601 10789286
1405501201 10790401
1405504801 10791476
1405508401 10792882
1405512001 10794209
1405515601 10795951
1405519201 10797460
1405522801 10798933
1405526402 10800488
1405530001 10801980
1405533601 10803357
1405537201 10804296
1405540801 10805447
1405544401 10806380
1405548001 10807288
1405551601 10808047
1405555201 10808785
1405558801 10809453
1405562401 10808175
1405566001 10809009
1405569601 10810061
1405573201 10811202
1405576801 10810573
1405580401 10811441
1405584001 10811981
1405587601 10813004
1405591201 10814107
1405594801 10815335
1405598401 10816718
1405602001 10818241
1405605601 10819639
1405609201 10821106
1405612801 10822491
1405616401 10824071
1405620001 10825177
1405623601 10826161
1405627201 10827328
1405630801 10828285
1405634401 10829142
1405638001 10830069
1405641601 10830843
1405645201 10831505
1405648801 10832265
1405652401 10833074
1405656001 10834035
1405659601 10834725
1405663201 10835480
1405666801 10836442
1405670401 10837413
1405674001 10838382
1405677601 10839433
1405681201 10840640
1405684801 10841904
1405688401 10843380
1405692001 10844918
1405695601 10846646
1405699201 10848404
1405702801 10850505
1405706401 10852181
1405710001 10854105
1405713601 10855780
1405717201 10857436
1405720801 10858978
1405724401 10860214
1405728001 10861080
1405731601 10862536
1405735201 10863755
1405738801 10861294
1405742401 10862534
1405746002 10863726
1405749601 10864854
1405753201 10866037
1405756801 10867398
1405760401 10868660
1405764001 10870179
1405767601 10871444
1405771201 10872983
1405774801 10874577
1405778401 10876454
1405782001 10878213
1405785601 10879821
1405789201 10881973
1405792801 10883648
1405796401 10885524
1405800001 10886937
1405803601 10888694
1405807201 10889937
1405810801 10891156
1405814401 10892371
1405818001 10893200
1405821601 10894409
1405825201 10895621
1405828801 10896845
1405832401 10898282
1405836001 10899451
1405839601 10900558
1405843201 10901783
1405846801 10903102
1405850401 10904511
1405854001 10905790
1405857601 10907282
1405861201 10908706
1405864801 10910284
1405868401 10911979
1405872001 10913564
1405875601 10915387
1405879201 10916923
1405882801 10918596
1405886401 10920177
1405890001 10921583
1405893601 10922826
1405897201 10923804
1405900801 10925125
1405904401 10926327
1405908001 10927596
1405911601 10928976
1405915201 10930069
1405918801 10931057
1405922401 10931105
1405926001 10931105
1405929601 10931105
1405933201 10931105
1405936801 10931105
1405940401 10931105
1405944001 10931105
1405947601 10931105
1405951201 10931105
1405954801 10931105
1405958401 10931105
1405962001 10931105
1405965601 10931105
